124 125 126 127 128 130 131 217 218 219 220 221 222 223 224 226 229 230 501 669 1737 1738 2023 2026 2027 2203 2538 2597 2645 2821 3098 3099 3101 3939 3945 3948 5105 5106 5160 5161 5162 5211 5213 5214 5223 5224 5230 5232 5236 5313 5315 7167 8789 10327 26330 55276 55902 57818 83440 84532 92483 130589 160287 441531
47 48 50 1431 1737 1738 1743 2271 3417 3418 3419 3420 3421 4190 4191 4967 5091 5105 5106 5160 5161 5162 6389 6390 6391 6392 8801 8802 8803 55753
226 229 230 2203 2539 2821 5211 5213 5214 5226 5236 5631 5634 6120 6888 7086 8277 8789 9563 22934 25796 51071 55276 64080 84076 221823 729020
231 2990 6120 7358 7360 7363 7364 7365 7366 7367 9942 10720 10941 27294 51181 54490 54575 54576 54577 54578 54579 54600 54657 54658 54659 79799 574537 729020
226 229 230 231 2203 2762 3098 3099 3101 3795 4351 5207 5208 5209 5210 5211 5213 5214 5372 5373 6652 7167 7264 8776 8789 8790 8898 9107 9108 29085 29925 29926 197258
231 2538 2548 2582 2584 2585 2592 2595 2645 2683 2717 2720 3098 3099 3101 3906 3938 5236 7360 8704 8972 55276 57818

31 32 2194 27349 54995 55301
1892 3030 3032 3033 5538 9374 10449 51102
30 33 34 35 36 37 38 39 51 124 125 126 127 128 130 131 217 219 223 224 501 1374 1375 1376 1579 1892 1962 2180 2181 2182 2639 3030 3032 3033 8310 10449 23305 51703 126129 284541
38 39 622 3155 3157 3158 5019 56898 64064
1056 1594 1595 1717 1718 2222 3988 4047 6307 6309 6646 6713 7108 8435 10682 50814 51478 120227
570 1109 1581 1582 1593 3295 6342 6718 8309 9023 9420 10858 10998 23600 51302 80270
3242 6898 10229 51004 51805 84274
412 1109 1312 1543 1545 1551 1576 1577 1581 1583 1584 1585 1586 1588 1589 3283 3284 3290 3291 3292 3293 3294 6715 6716 6718 6783 6820 7363 7364 7365 7366 7367 7923 8630 9420 10720 10941 51144 51478 54490 54575 54576 54577 54578 54579 54600 54657 54658 54659 64816 79644 79799 574537
479 495 496 498 506 509 513 514 515 516 517 518 521 522 523 525 526 527 528 529 533 534 535 537 539 4508 4509 5464 8992 9114 9296 9550 9551 10312 10476 10632 23545 27068 50617 51382 51606 64077 90423 127124 155066 245972 245973
100 107 108 109 111 112 113 114 115 132 158 159 203 204 205 270 271 272 318 353 471 661 953 954 955 956 957 1633 1716 2618 2766 2977 2982 2983 2984 2986 2987 3000 3251 3614 3615 3704 4830 4831 4832 4833 4860 4881 4882 4907 5136 5137 5138 5139 5140 5141 5142 5143 5144 5145 5146 5147 5148 5149 5150 5151 5152 5153 5158 5167 5169 5198 5236 5313 5315 5422 5424 5425 5426 5427 5430 5431 5432 5433 5434 5435 5436 5437 5438 5439 5440 5441 5471 5557 5558 5631 5634 6240 6241 7498 8382 8622 8654 8833 9060 9061 9533 9583 9615 10201 10606 10621 10622 10623 10714 10846 11128 11164 22978 23649 25885 26289 27115 29922 30833 30834 50484 50940 51082 51251 51292 51728 53343 54107 55276 55703 55811 56655 56953 56985 57804 64425 84172 84265 84618 87178 93034 122481 122622 124583 171568 196883 221823 246721 377841 548644 654364
9 10 1544 1548 1549 1553 7498
318 661 790 953 955 956 957 978 1503 1633 1635 1723 1806 1807 1841 1854 1890 3704 4830 4831 4832 4833 4860 4907 5422 5424 5425 5426 5427 5430 5431 5432 5433 5434 5435 5436 5437 5438 5439 5440 5441 5557 5558 6240 6241 7083 7084 7298 7371 7372 7378 8382 9533 9583 10201 10621 10622 10623 10714 11128 22978 23649 25885 29922 30833 30834 50484 50808 51082 51251 51727 51728 51733 54107 54963 55703 56474 56655 56953 57804 64425 83549 84172 84265 84618 87178 93034 124583 129607 139596 151531 171568 246721 377841 548644 654364
18 158 159 435 440 443 445 790 1373 2571 2572 2673 2744 2746 2747 2752 2805 2806 5471 7915 8528 8659 9945 27165 56954 91703 122622 259307
189 211 212 275 501 635 875 1491 1610 1738 1757 2593 2628 2731 5723 6470 6472 10993 23464 26227 27232 29958 29968 51268 55349 63826 64902 132158
191 262 635 875 1036 1491 1786 1787 1788 1789 2805 2806 3939 3945 3948 4143 4144 4357 4507 4548 6611 6723 6898 7263 10768 23382 27430 29947 51074 55256 58478 84245 92483 160287 259307
18 30 34 35 36 38 39 217 219 223 224 316 501 549 586 587 593 594 1629 1738 1892 1962 3028 3030 3032 3033 3155 3157 3158 3712 4329 4594 5019 5095 5096 10449 11112 26275 27034 56922 64064 64087 84693 259307
586 587 3376 7407 23395 51520 55699 57176
501 51166
38 39 217 219 223 224 501 1743 1892 1962 2639 3030 3033 4967 5351 5352 6419 6839 7468 8424 8985 9739 9869 10157 10919 23067 23127 29072 51111 51166 54904 55753 55870 64324 79709 79723 79813 80854 83852 84444 84787 387893
26 95 217 219 223 224 262 383 384 435 445 501 1152 1158 1159 1160 1373 2593 2628 2744 2746 2747 2752 2805 2806 4128 4129 4842 4843 4846 4942 4953 5009 5033 5625 5831 5832 6303 6611 6723 8659 8974 27165 29920 51056 58510 65263 79814 112483 113451 162417 283208 548596
26 217 218 219 220 221 222 223 224 501 1644 3034 3067 3176 4128 4129 9836 10841 51409 51451 55798 60487 84735 114049 131669 131965 144193
124 125 126 127 128 130 131 218 220 221 222 314 1312 1621 1644 2184 2805 2806 2954 3081 3242 4128 4129 4282 5409 6898 7054 7173 7299 8639 259307
218 220 221 222 314 1644 2805 2806 3242 4128 4129 4282 5053 6898 8639 9588 259307
15 26 38 39 217 219 223 224 316 438 501 847 883 1543 1544 1545 1644 1892 1962 2639 3030 3033 3620 4128 4129 4967 6999 7166 7453 8564 8942 10352 11185 23498 51166 55753 56267 121278 125061 130013 169355 259307
2805 2806 5053 6898 259307
18 34 217 219 223 224 314 501 1806 1807 1892 1962 2571 2572 3030 8639 26275 51733 84735
570 1036 2571 2572 2678 2686 2687 51380 84890 124975
191 875 1491 4141 4143 4144 9060 9061 9836 10768 22928 22929 23382 27430 51409 51451 51540 55798 60487 92935 114049 131965

2744 2746 2747 27165
290 2678 2686 2687 2729 2730 2876 2877 2878 2879 2880 2882 2936 2937 2938 2939 2940 2941 2944 2946 2947 2948 2949 2950 2952 2953 2954 4257 4258 4259 4953 6611 6723 9446 26873 51056 51060 79017 119391 124975 221357 257202 373156
178 276 277 278 279 280 2538 2548 2595 2632 2645 2821 2990 2997 2998 3098 3099 3101 5167 5169 5236 5834 5836 5837 6476 7358 7360 7363 7364 7365 7366 7367 8972 10720 10941 54490 54575 54576 54577 54578 54579 54600 54657 54658 54659 55276 57733 57818 79799 80146 283209 574537
1798 2530 2683 3703 4121 4122 4124 4245 4247 4248 4249 6480 7841 8703 8704 8813 8818 10195 10905 11253 11282 11320 22845 23193 25834 29880 29929 54344 56052 57134 57171 79053 79087 79796 79868 84920 85365 144245 146664 199857 201595 440138
2589 2590 2591 2650 6482 6483 8693 9245 9334 11226 11227 26290 29071 50614 51301 51809 55568 55808 56913 57452 63917 64409 79623 79695 114805 117248 168391 192134 374378 442117
1118 2582 2584 2585 2592 2645 2673 2762 2821 3073 3074 3098 3099 3101 4351 5236 5238 5372 5373 5973 6675 7264 7358 7360 8790 9945 10007 10020 27159 29925 29926 51005 54187 55276 55577 55907 64841 80146 80896 91373 132789 140838 197258

411 2588 2720 2799 2990 3073 3074 3373 3423 3425 4669 6448 6677 8372 8692 10855 23553 60495 138050
11285 22856 26229 27087 54480 55454 55790 64131 64132 79586 126792 135152 337876
2131 2132 2134 2135 2137
217 219 223 224 231 501 1056 1606 1607 1608 1609 2710 2712 3990 4023 5406 5407 5408 8513 8525 8526 8527 8611 8612 8613 8694 9162 9388 10327 10554 10555 11343 55750 56894 56895 57678 80339 84649 84803 119548 129642 132158 137964 150763 154141 160851 253558
3612 3613 3628 3631 3632 3633 3636 3705 3706 3707 4952 5286 5287 5288 5289 5290 5291 5293 5294 5297 5298 5305 5330 5331 5332 5333 5335 5336 5728 8394 8395 8396 8821 8867 8871 9562 10423 23236 23396 27124 51196 51477 51763 55300 55361 55586 56623 64768 79837 84812 89869 113026 138429 200576 253430
2822 5277 5279 5281 5283 8733 8818 9091 9487 9488 10026 23556 51227 51604 54965 55650 80055 84720 84992 93183 94005 128869 284098
43 1040 1103 1119 1120 1606 1607 1608 1609 2819 2820 3931 5130 5319 5320 5321 5322 5337 5338 5833 8398 8399 8443 8525 8526 8527 8611 8612 8613 8681 8760 9162 9468 9489 9791 10162 10390 10400 10423 10434 10554 10555 23171 23659 23761 26279 30814 50487 54675 54947 55224 55500 56894 56895 56985 56994 57678 64600 79888 81490 81579 84647 84803 85465 123745 129642 137964 150763 154141 160851 162466 253558 254531 391013 100137049
5048 5049 5050 5051 5168 5319 5320 5321 5322 5337 5338 7941 8398 8399 8611 8612 8613 8681 10390 26279 30814 50487 54947 56994 64600 79888 81579 84647 85465 123745 133121 254531 391013 100137049
239 240 242 246 247 873 874 1555 1557 1558 1559 1562 1571 1573 1579 2053 2678 2686 2687 2876 2877 2878 2880 2882 4048 4051 4056 5319 5320 5321 5322 5730 5740 5742 5743 6916 8398 8399 8529 8644 8681 9536 26279 27306 30814 50487 64600 80142 81579 84647 113612 123745 124975 257202 284541 391013 100137049
246 1544 1551 1557 1558 1559 1562 1571 1573 1576 1577 5319 5320 5321 5322 8398 8399 8681 26279 30814 50487 64600 64816 81579 84647 123745 391013 100137049
5319 5320 5321 5322 8398 8399 8681 9415 26279 30814 50487 64600 81579 84647 123745 391013 100137049
410 427 2531 2581 2629 2717 2720 4758 4759 6609 6610 7357 7368 8560 8611 8612 8613 8877 8879 9331 9514 9517 10558 10825 55304 55331 55512 55627 56624 56848 64781 81537 123099 125981 129807 130367 166929 259230 339221 340485
28 2523 2524 2525 2526 2527 2528 2529 2651 2683 6484 6487 6489 8702 8703 8704 8707 8708 10317 10331 10402 10678 10690 11041 79369 84002
2523 2524 2717 3073 3074 4668 6482 6483 6489 8706 10317 26301 53947
2583 2720 3073 3074 6482 6483 6489 8705 8869 9197 27090 29906 30815 81849 256435
31 32 38 39 97 98 217 219 223 224 231 501 1737 1738 2739 3029 3939 3945 3948 4190 4191 4199 4200 5091 5105 5106 5160 5161 5162 5313 5315 9380 10873 55902 84264 84532 92483 134526 160287 197257
48 50 1431 4190 4191 4522 9380 10797 25902 51179 54363 81888 125061 132158 283871 441024
31 32 34 38 39 1892 1962 3030 4329 4594 5095 5096 8801 8802 8803 23417 26275 55902 79611 84532 84693
18 35 38 39 622 1892 1962 2571 2572 3030 3033 3155 3157 3158 5019 6296 7915 54988 56898 64064 65985 116285 123876 341392 348158
275 471 1719 2618 4522 4524 4548 6470 6472 7298 10588 10797 10840 10841 25902 123263 160428 441024
27010 79178
52 53 54 55 5167 5169 51205 55312 80308 93650
316 8566 55163 57026 493911
316 683 952 4837 4860 4907 5167 5169 10135 22978 23057 23475 23530 30833 51251 54981 55191 56953 64802 65220 83594 84618 93034 349565
1806 1807 5167 5169 8875 8876 51733 53354 55229 60490 79646 79717 80025 80347
686 3141
11019 51601 387787
248 249 250 251 1719 2356 2643 5805 8836
124 125 126 127 128 130 131 216 1543 1544 1548 1549 1551 1553 1555 1557 1558 1559 1562 1576 1577 1579 1592 5959 6121 7363 7364 7365 7366 7367 8228 8608 8694 8854 9227 9249 10170 10720 10901 10941 50700 51109 53630 54490 54575 54576 54577 54578 54579 54600 54657 54658 54659 54884 56603 64816 79799 84649 145226 157506 158835 284541 317749 340665 574537
210 211 212 644 645 1352 1355 1356 1371 2235 2495 2512 2990 3052 3145 3162 3163 5498 7363 7364 7365 7366 7367 7389 7390 10720 10941 54490 54575 54576 54577 54578 54579 54600 54657 54658 54659 79799 94033 574537
38 39 2224 3156 3157 3158 3422 4597 4598 9453 10654 23590 57107 79947 91734
275 440 1373 1491 2744 2746 2747 2752 3034 27165
6783 6799 6817 6818 6820 6821 9060 9061 10380 50515 55501 166012 445329
4141 6301 51091 54938 92935 118672 123263
124 125 126 127 128 130 131 218 220 221 222 1109 1543 1544 1545 1551 1555 1557 1558 1559 1562 1571 1572 1576 1577 1645 1646 2052 2938 2939 2940 2941 2944 2946 2947 2948 2949 2950 2952 2953 2954 4257 4258 4259 7363 7364 7365 7366 7367 8644 9446 10720 10941 27294 29785 54490 54575 54576 54577 54578 54579 54600 54657 54658 54659 64816 79799 119391 221357 373156 574537
124 125 126 127 128 130 131 218 220 221 222 316 1544 1548 1549 1551 1553 1555 1557 1558 1559 1562 1565 1571 1576 1577 2326 2327 2328 2329 2330 2938 2939 2940 2941 2944 2946 2947 2948 2949 2950 2952 2953 2954 4128 4129 4257 4258 4259 7363 7364 7365 7366 7367 9446 10720 10941 54490 54575 54576 54577 54578 54579 54600 54657 54658 54659 64816 79799 119391 221357 373156 574537
978 1066 1548 1549 1551 1553 1576 1577 1806 1807 1890 2990 3251 3614 3615 3704 7083 7084 7172 7363 7364 7365 7366 7367 7371 7372 7378 7498 8824 8833 10720 10941 51733 54490 54575 54576 54577 54578 54579 54600 54657 54658 54659 54963 64816 79799 83549 151531 221223 574537
30 33 34 51 335 336 345 364 948 1374 1375 1376 1579 1581 1582 1593 1622 1962 2167 2168 2170 2180 2181 2182 2710 2712 3158 3611 4023 4199 4312 4973 5105 5106 5170 5346 5360 5465 5467 5468 6256 6257 6258 6319 6342 7316 7350 8309 8310 9370 9415 10062 10580 10999 23305 51129 51703 79966 116519 126129 284541 376497
207 208 355 356 408 409 468 627 673 773 774 775 776 777 778 779 781 782 783 784 785 786 836 929 994 998 1147 1326 1386 1398 1399 1432 1616 1647 1649 1843 1844 1845 1846 1847 1848 1849 1850 1852 1950 1956 2002 2005 2122 2246 2247 2248 2249 2250 2251 2252 2253 2254 2255 2256 2257 2258 2259 2260 2261 2263 2264 2316 2317 2318 2353 2768 2872 2885 3164 3265 3303 3304 3305 3306 3310 3312 3315 3551 3552 3553 3554 3725 3727 3845 3925 4137 4149 4208 4214 4215 4216 4217 4296 4342 4609 4616 4763 4773 4776 4790 4791 4803 4893 4908 4909 4914 4915 5058 5062 5154 5155 5156 5159 5319 5320 5321 5322 5494 5495 5530 5532 5533 5534 5535 5536 5566 5567 5568 5578 5579 5582 5594 5595 5598 5599 5600 5601 5602 5603 5604 5605 5606 5607 5608 5609 5613 5778 5801 5871 5879 5880 5881 5894 5906 5908 5921 5922 5923 5924 5970 5971 6195 6196 6197 6237 6300 6416 6654 6655 6722 6788 6789 6885 7040 7042 7043 7046 7048 7124 7132 7157 7186 7189 7786 7850 7867 8074 8398 8399 8491 8517 8550 8569 8649 8681 8817 8822 8823 8911 8912 8913 8986 9020 9064 9175 9252 9254 9261 9448 9479 9693 9965 10000 10125 10235 10368 10369 10454 10746 10912 11072 11184 11221 11261 22800 22808 23118 23162 23542 25780 26279 26281 26291 27006 27091 27092 27330 30814 50487 51295 51701 51776 55799 55970 56940 59283 59284 59285 63928 64600 80824 81579 84647 84867 93589 115727 123745 391013 100137049
25 27 207 208 369 374 572 673 685 815 816 817 818 867 868 1026 1027 1398 1399 1839 1950 1956 1978 2002 2064 2065 2066 2069 2475 2549 2885 2932 3084 3265 3725 3845 4609 4690 4893 5058 5062 5063 5290 5291 5293 5294 5295 5296 5335 5336 5578 5579 5582 5594 5595 5599 5601 5602 5604 5605 5609 5747 5894 6198 6199 6416 6464 6654 6655 6714 6776 6777 7039 8440 8503 9542 10000 10298 10718 23533 23624 25759 53358 56924 57144 145957 399694
107 108 109 113 114 115 135 136 146 147 148 153 154 155 185 487 488 489 552 553 623 624 683 801 805 808 810 814 815 816 817 818 886 887 952 1128 1129 1131 1133 1812 1816 1909 1910 1956 2064 2065 2066 2149 2767 2769 2774 2776 2778 2911 2915 2925 3269 3274 3356 3357 3358 3360 3361 3362 3363 3708 3709 3710 3973 4638 4842 4843 4846 4923 5021 5136 5137 5153 5156 5159 5255 5256 5257 5260 5261 5330 5331 5332 5333 5335 5336 5350 5530 5532 5533 5534 5535 5566 5567 5568 5578 5579 5582 5613 5724 5731 5733 5737 6261 6262 6263 6865 6869 6870 6915 7201 9630 10800 11261 23236 51196 51806 56413 57105 63928 84812 85366 89869 91807 113026 163688 196883
90 91 92 93 268 269 355 356 608 643 650 655 657 658 659 939 943 944 958 959 970 1230 1232 1233 1234 1235 1236 1237 1270 1271 1435 1436 1437 1438 1439 1440 1441 1489 1524 1896 1950 1956 2056 2057 2277 2321 2322 2323 2324 2688 2689 2690 2826 2829 2833 2919 2920 2921 3082 3439 3440 3441 3442 3443 3444 3445 3446 3447 3448 3449 3451 3452 3454 3455 3456 3458 3459 3460 3467 3552 3553 3554 3556 3558 3559 3560 3561 3562 3563 3565 3566 3567 3568 3569 3570 3572 3574 3575 3576 3577 3578 3579 3581 3586 3587 3588 3589 3590 3592 3593 3594 3595 3596 3597 3600 3601 3604 3605 3606 3624 3625 3626 3627 3791 3815 3952 3953 3976 3977 4049 4050 4055 4233 4254 4283 4352 4982 5008 5154 5155 5156 5159 5473 5617 5618 6346 6347 6348 6349 6351 6352 6354 6355 6356 6357 6358 6359 6360 6361 6363 6364 6366 6367 6368 6369 6370 6372 6373 6374 6375 6376 6387 6846 7040 7042 7043 7046 7048 7124 7132 7133 7173 7292 7293 7422 7423 7424 7850 7852 8200 8600 8740 8741 8742 8743 8744 8764 8771 8784 8792 8793 8794 8795 8797 8807 8809 8995 9180 9560 10344 10563 10663 10673 10803 10850 10913 11009 23495 23529 23765 27190 29949 50604 50615 50616 51330 51561 53832 55540 56034 56477 56832 57007 58191 58985 59067 60401 64109 64806 80301 83729 85480 115650 116379 149233 163702 282616 282617 282618 338376 388372 414062 729230
107 108 109 111 112 113 114 115 156 157 207 208 387 408 409 643 673 998 1147 1230 1232 1233 1234 1235 1236 1237 1398 1399 1445 1524 1794 2185 2268 2309 2770 2771 2773 2782 2783 2784 2785 2786 2787 2788 2790 2791 2792 2793 2826 2829 2833 2868 2869 2870 2885 2919 2920 2921 2931 2932 3055 3265 3551 3576 3577 3579 3627 3702 3717 3718 3845 4067 4283 4790 4792 4793 4893 5058 5196 5197 5290 5291 5293 5294 5295 5296 5330 5331 5332 5473 5566 5567 5568 5579 5580 5590 5594 5595 5604 5605 5613 5747 5829 5879 5880 5894 5906 5908 5970 6011 6093 6346 6347 6348 6349 6351 6352 6354 6355 6356 6357 6358 6359 6360 6361 6362 6363 6364 6366 6367 6368 6369 6370 6372 6373 6374 6375 6376 6387 6464 6654 6655 6772 6773 6774 6777 6846 7074 7409 7410 7454 7852 8503 8517 8976 9475 9547 9560 9564 9844 10000 10235 10344 10451 10563 10663 10681 10803 10850 23236 23533 25759 26230 51764 53358 54331 55970 56288 56477 57580 58191 59345 94235 131890 196883 388372 399694 414062 653361 729230
801 805 808 810 1040 1606 1607 1608 1609 3612 3613 3628 3631 3632 3633 3635 3636 3706 3707 3708 3709 3710 4952 5286 5287 5288 5289 5290 5291 5293 5294 5295 5296 5297 5298 5305 5330 5331 5332 5333 5335 5336 5728 8394 8395 8396 8503 8525 8526 8527 8760 8821 8867 8871 9162 10423 23236 23396 23533 27124 51196 51763 51806 55300 55361 56623 79837 84812 89869 113026 160851 163688 200576
1081 1442 1511 2147 2149 2150 2151 2488 2492 2688 2689 2690 3001 3952 3953 3972 3973 5340 5617 5618 5644 5645 5646 7252 7253 9002 56288
25 472 545 595 699 701 890 891 894 896 898 902 983 990 991 993 994 995 996 1017 1019 1021 1022 1026 1027 1028 1029 1030 1031 1032 1111 1387 1647 1869 1870 1871 1874 1875 2033 2810 2932 3065 3066 4085 4087 4088 4089 4171 4172 4173 4174 4175 4176 4193 4609 4616 4998 4999 5000 5001 5111 5347 5591 5885 5925 5933 5934 6500 6502 7027 7029 7040 7042 7043 7157 7272 7465 7529 7531 7532 7533 7534 7709 8243 8317 8318 8379 8454 8555 8556 8697 8881 8900 9088 9126 9133 9134 9184 9232 9700 9978 10274 10393 10459 10735 10744 10912 10926 10971 11200 23594 23595 25847 27127 29882 29945 51343 51433 51434 51529 64682 85417 246184 494551 650621 651610 731751
107 108 109 111 112 113 114 115 367 699 801 805 808 810 815 816 817 818 891 898 983 991 995 996 1017 3479 3480 3630 3708 3709 3710 4085 4342 5241 5347 5499 5500 5501 5515 5516 5518 5519 5525 5526 5527 5528 5529 5530 5532 5533 5534 5535 5566 5567 5568 5594 5595 5604 5605 5613 6195 6196 6197 6300 6500 6790 7529 7531 7532 7533 7534 8454 8697 8881 8945 9088 9133 9134 9232 9700 9748 9978 9985 10393 10459 10744 10971 11261 23291 25847 26271 27330 29882 29945 51433 51434 51529 51806 63928 64506 64682 89869 151648 163688 196883 245711 246184 286151 387778 650621
317 355 472 545 575 581 595 637 836 841 842 891 894 896 898 900 901 983 1017 1019 1021 1026 1029 1111 1643 1647 2810 3479 3486 3732 4193 4194 4616 5054 5268 5366 5728 6241 6477 7057 7157 7161 7249 8493 8795 9133 9134 9538 9540 10912 11200 25898 27113 27244 50484 51246 51512 54205 55240 55367 56475 63970 64065 64326 64393 83667 85417 143686 651610
4338 4357 7263 9054 27304 81605 90353 348180
662 2054 6616 6804 6809 6810 6811 6843 6844 8417 8674 8675 8677 8773 9341 9482 9554 9570 10228 10282 10490 10652 51272 53407 55850 112755 143187
5289 9140 10533 11337 11345 23710 30849 64422
267 468 578 581 596 823 824 1388 1603 1649 1650 1965 2081 3300 3301 3303 3304 3305 3306 3309 3310 3312 3337 3703 4217 4780 5034 5071 5599 5601 5602 5609 5610 5611 5886 5887 6048 6184 6185 6396 6400 6500 6745 6746 6747 6748 7095 7186 7321 7322 7323 7324 7325 7326 7327 7353 7415 7494 7841 7991 8454 9373 9451 9601 9632 9709 9871 9978 10113 10130 10134 10273 10277 10294 10299 10427 10477 10483 10484 10525 10802 10952 10961 10970 11231 22872 22926 23471 23480 23645 25956 26232 26270 27102 29927 29978 29979 30001 50613 51009 51128 51465 51619 51726 54431 54788 55176 55432 55666 55768 55829 55968 56605 56681 56893 64215 64374 79139 80331 80700 81567 84447 85479 91319 118424 120329 143630 201595 258010 285126 440275 100289713
410 411 2588 2799 3423 6448 22901 285362
153 154 155 156 157 408 409 867 868 1234 1436 1601 1956 2060 2065 2066 2149 2261 2263 2264 2321 2868 2869 2870 3480 3577 3579 3791 3815 3949 4193 4233 4734 4914 5156 5867 5868 5869 5878 5979 6011 6455 6456 6457 7189 7251 7852 8027 8411 8766 9135 9146 9230 9525 9727 10015 10193 10254 10938 11059 11267 22841 22905 23327 23624 25978 26056 26119 27183 27243 29082 29924 30011 30845 51028 51100 51160 51510 51534 51652 55040 55048 56904 57132 57154 64145 64750 79643 79720 80223 80230 83737 84313 84440 89853 92421 93343 128866 131890 137492 155382
715 718 1535 1536 1778 1780 1781 1783 3684 3689 4688 4689 5289 5868 5869 5878 5879 7277 7278 7280 7846 7879 8411 10376 10381 10382 10383 27035 50508 51143 51807 56604 79659 79861 81027 83547 84617 84790 112714 113457 203068 338382 347688 347733 653361
207 208 673 1975 1977 1978 2277 2475 3091 3479 3630 5170 5228 5290 5291 5293 5294 5295 5296 5562 5563 5594 5595 6009 6194 6195 6196 6197 6198 6199 6794 7249 7422 7423 7424 8408 8503 9470 9706 10000 23533 25989 27330 54541 253314
207 208 317 329 330 331 355 356 472 572 581 596 598 637 823 824 836 839 840 841 842 843 1147 1439 1676 1677 3551 3552 3553 3554 3556 3562 3563 3654 3656 4615 4790 4792 4803 4914 5290 5291 5293 5294 5295 5296 5530 5532 5533 5534 5535 5566 5567 5568 5573 5575 5576 5577 5613 5970 7124 7132 7157 7186 8503 8517 8717 8737 8743 8772 8793 8794 8795 8797 8837 9020 10000 11213 11261 23533 51135 54205 63928 120329 651610
70 4624 4625 4633 4634 7134 7137 7139 7168 7169 7170 7171
59 72 107 108 109 111 112 113 114 115 135 136 146 147 148 185 369 387 552 553 673 800 801 805 808 810 1909 2767 2768 2776 2778 3708 3709 3710 3778 3779 4629 4637 4638 4659 4660 5319 5320 5321 5322 5330 5331 5332 5499 5500 5501 5566 5567 5568 5578 5579 5580 5581 5582 5583 5588 5592 5594 5595 5604 5605 5613 5739 5894 6093 8398 8399 8681 9138 9475 9826 10203 10242 10266 10267 10268 10335 10398 10672 23236 23365 26279 27094 27345 30814 50487 51806 64600 81579 84647 85366 91807 94274 123745 140465 157855 163688 196883 391013 100137049
324 387 595 815 816 817 818 894 896 1387 1452 1454 1457 1459 1460 1487 1488 1499 1855 1856 1857 2033 2535 2932 3725 4040 4041 4089 4316 4609 4772 4773 4775 4776 5330 5331 5332 5467 5515 5516 5518 5519 5525 5526 5527 5528 5529 5530 5532 5533 5534 5535 5566 5567 5568 5578 5579 5582 5599 5601 5602 5613 5663 5879 5880 5881 6093 6422 6423 6424 6425 6477 6885 6907 6932 6934 7157 7471 7472 7473 7474 7475 7476 7477 7478 7479 7480 7481 7482 7483 7484 7855 7976 8061 8312 8313 8321 8322 8323 8324 8325 8326 8607 8945 9350 9475 10023 10297 10725 11197 11211 11261 22943 23002 23236 23291 23401 23500 27121 27123 51176 51384 51701 54361 56998 57216 57680 59343 63928 64321 64840 79718 80319 80326 81029 81839 83439 85407 85409 89780 90665 122011 144165 166336
1956 2113 2114 2120 2885 3845 5594 5595 5604 5605 6654 6655 51513
182 1387 1487 1488 1840 1855 1856 1857 2033 2648 3065 3066 3280 3516 3714 3955 4242 4851 4853 4854 4855 5663 5664 5986 6868 8650 8850 9253 9541 9612 9794 10683 11317 22938 23220 23385 28514 51107 54567 55534 55851 84441 113878 151636 171558 196403 388585
650 652 653 654 655 656 1452 1453 1454 1455 1456 2619 2735 2736 2737 2932 3549 4036 5566 5567 5568 5613 5727 6469 6608 7471 7472 7473 7474 7475 7476 7477 7478 7479 7480 7481 7482 7483 7484 7546 8643 8945 23291 27148 50846 51384 51684 51715 53944 54361 64399 80326 81029 89780 122011 353500
90 92 93 268 269 387 650 652 653 654 655 656 657 658 659 1030 1311 1387 1634 1874 1875 2033 3397 3398 3399 3400 3458 3624 3625 3626 4052 4086 4087 4088 4089 4090 4091 4092 4093 4609 4838 5308 5515 5516 5518 5519 5594 5595 5933 5934 6093 6198 6199 6500 6667 7027 7040 7042 7043 7044 7046 7048 7057 7058 7059 7060 7124 8200 8454 8646 9241 9372 9475 9765 9978 10468 10637 57154 64750 83729 130399 151449 353500 392255
25 387 998 1020 1072 1073 1630 1808 1942 1943 1944 1945 1946 1947 1948 1949 1969 2041 2042 2043 2044 2045 2046 2047 2048 2049 2050 2051 2242 2534 2770 2771 2773 2932 3265 3688 3845 3897 3983 3984 3985 4690 4772 4773 4775 4776 4893 5058 5062 5063 5361 5362 5364 5365 5530 5532 5533 5534 5535 5594 5595 5747 5879 5880 5881 5921 5998 6091 6092 6093 6387 6405 6585 7852 7869 8440 8482 8633 8829 9353 9423 9475 9723 9901 10154 10298 10371 10505 10507 10509 10512 10725 11261 22854 22885 23365 23380 23654 25791 27289 29984 54910 55558 56920 56924 57144 57522 57689 57715 63928 64218 64221 84448 90249 137970 219699 223117 285220
207 208 572 842 998 1432 3265 3315 3791 3845 4772 4773 4775 4776 4846 4893 5290 5291 5293 5294 5295 5296 5319 5320 5321 5322 5335 5336 5530 5532 5533 5534 5535 5578 5579 5582 5594 5595 5600 5603 5604 5605 5743 5747 5829 5879 5880 5881 5894 6300 6714 7422 7867 8398 8399 8503 8681 8877 9047 9261 10000 10725 11261 23533 25759 26279 30814 50487 56848 63928 64600 81579 84647 123745 391013 100137049
60 71 81 87 88 89 207 208 329 330 331 387 394 572 595 596 673 824 857 858 859 894 896 998 1101 1277 1278 1280 1281 1282 1284 1286 1288 1289 1290 1291 1292 1293 1301 1302 1311 1398 1399 1499 1729 1793 1950 1956 2002 2064 2277 2316 2317 2318 2321 2324 2335 2534 2885 2889 2909 2932 3082 3265 3371 3381 3479 3480 3611 3655 3672 3673 3674 3675 3676 3678 3679 3680 3685 3688 3690 3691 3693 3694 3695 3696 3725 3791 3908 3909 3910 3911 3912 3913 3914 3915 3918 4233 4633 4636 4638 4659 5058 5062 5063 5154 5155 5156 5159 5170 5228 5290 5291 5293 5294 5295 5296 5499 5500 5501 5578 5579 5582 5594 5595 5599 5601 5602 5604 5605 5649 5728 5747 5829 5879 5880 5881 5894 5906 5908 5923 6093 6464 6654 6655 6696 6714 7057 7058 7059 7060 7094 7143 7148 7408 7409 7410 7414 7422 7423 7424 7448 7450 7791 8503 8515 8516 9475 9564 10000 10298 10319 10398 10451 10627 22798 22801 23396 23533 25759 29780 29895 50509 53358 55742 56034 56924 57144 58498 63923 64098 80310 83660 85366 91807 93408 103910 131873 284217 399694
948 960 961 1101 1277 1278 1280 1281 1282 1284 1286 1288 1289 1290 1291 1292 1293 1301 1302 1311 1605 2335 2811 2812 2814 2815 3339 3371 3381 3655 3672 3673 3674 3675 3676 3678 3679 3680 3685 3688 3690 3691 3693 3694 3695 3696 3908 3909 3910 3911 3912 3913 3914 3915 3918 5649 6382 6383 6385 6696 7057 7058 7059 7060 7143 7148 7448 7450 8515 8516 9672 9899 9900 10319 22798 22801 22987 50509 51206 63923 131873 284217 375790
214 914 920 923 925 926 933 940 941 942 947 958 959 965 999 1000 1001 1002 1003 1013 1272 1364 1365 1366 1493 2734 3105 3106 3107 3108 3109 3111 3112 3113 3115 3117 3118 3119 3122 3123 3125 3126 3127 3133 3134 3135 3383 3384 3385 3676 3680 3683 3684 3688 3689 3695 3897 4099 4267 4359 4684 4685 4897 4950 5010 5133 5175 5788 5797 5817 5818 5819 6401 6402 6403 6404 6614 6693 6900 7122 7412 8174 8506 9019 9071 9073 9074 9075 9076 9080 9369 9378 9379 10666 10686 22871 23114 23308 23562 23705 24146 25945 26047 26285 29126 29851 49861 50848 51208 53842 54413 57502 57555 57863 58494 80380 83700 90952 137075 149461 257194 652614 100133583
52 60 71 81 87 88 89 387 998 999 1457 1459 1460 1495 1496 1499 1500 1956 2064 2241 2260 2534 3480 4008 4087 4088 4089 4233 4301 5594 5595 5770 5777 5787 5792 5795 5797 5818 5819 5879 5880 5881 6591 6615 6714 6885 6932 6934 7046 7048 7082 7414 7454 7525 8826 8936 8976 9855 10163 10458 10580 10810 25945 29119 51176 51701 56288 81607 83439 117178
60 71 81 87 88 89 207 208 387 998 1019 1364 1365 1366 1457 1459 1460 1495 1496 1499 2017 2035 2036 2037 3059 3265 3845 3993 3996 4301 4619 4620 4621 4622 4624 4625 4626 4627 4628 4629 4633 4636 4893 4950 5010 5515 5516 5518 5519 5520 5521 5522 5578 5579 5580 5581 5582 5583 5584 5588 5590 5728 6237 6709 7082 7122 8531 8573 8735 8777 9071 9073 9074 9075 9076 9080 9223 9414 9863 10000 10207 10398 10627 10686 22800 22808 22989 23136 23562 24146 26285 27134 29119 29895 49861 50848 50855 51208 51776 53842 55844 56288 57530 57644 58494 58498 64398 79784 83700 84552 84612 92359 93408 103910 137075 149461 150084 260425
107 108 109 111 112 113 114 115 153 983 1453 1812 1813 1902 1950 1956 2697 2767 2770 2771 2773 2776 2778 2885 2911 2915 2977 2982 2983 3265 3356 3357 3358 3708 3709 3710 3845 4893 5154 5155 5156 5159 5330 5331 5332 5566 5567 5568 5578 5579 5582 5592 5593 5594 5595 5598 5604 5605 5607 5613 5894 6654 6655 6714 7082 7277 7278 7280 7846 10376 10381 10382 10383 10746 23236 51807 56034 56604 57369 79861 80310 81027 84617 84790 112714 113457 196883 203068 347688 347733
2 462 623 624 629 710 712 713 714 715 716 717 718 719 720 721 722 725 727 728 729 730 731 732 733 735 966 1378 1380 1604 1675 2147 2149 2152 2153 2155 2157 2158 2159 2160 2161 2162 2165 2243 2244 2266 3053 3075 3426 3818 3827 4153 4179 5054 5104 5265 5327 5328 5329 5340 5345 5624 5627 5648 7035 7056 10747
920 925 926 972 1385 1508 1514 1520 3105 3106 3107 3108 3109 3111 3112 3113 3115 3117 3118 3119 3122 3123 3125 3126 3127 3133 3134 3135 3458 3802 3803 3804 3805 3806 3808 3809 3810 3811 3812 3821 3822 3823 3824 4261 4800 4801 4802 5641 5720 5721 5993 5994 6890 6891 6892 7124 8302 8625 10197 57292 115653 652614 100133583
841 929 941 942 958 1147 1326 1432 2353 3439 3440 3441 3442 3443 3444 3445 3446 3447 3448 3449 3451 3452 3454 3455 3456 3551 3553 3569 3576 3592 3593 3627 3654 3661 3663 3665 3725 4283 4615 4790 4792 5290 5291 5293 5294 5295 5296 5594 5595 5599 5600 5601 5602 5603 5604 5605 5606 5608 5609 5879 5970 6300 6348 6351 6352 6373 6416 6696 6772 6885 7096 7097 7098 7099 7100 7124 7187 7189 8503 8517 8737 8772 9641 10333 10454 23118 23533 23643 29110 51135 51284 51311 54106 54472 114609 148022 353376
329 330 331 834 838 841 1147 1432 3320 3326 3551 4210 4671 4790 4792 4793 5594 5595 5599 5600 5601 5602 5603 5970 6300 6885 7128 7184 7189 7205 8517 8767 9051 10392 10454 10910 22861 22900 23118 29108 55914 58484 59082 64127 64170 84674 114548 257397 260434
841 843 1147 1432 1540 1654 3551 3661 3665 4214 4790 4792 4793 5300 5599 5600 5601 5602 5603 5970 6300 6885 7186 7187 7189 7706 8517 8653 8717 8737 8772 9140 9474 9636 9641 9755 10010 23586 26007 29110 54941 55593 57506 64135 64343 79132 79671 80143 340061
834 1147 3551 3661 3665 4790 4792 4793 5970 8517 8737 9447 9641 11035 23586 29108 29110 57506 81030 340061
207 208 595 598 867 868 894 896 1154 1271 1387 1438 1439 1441 2033 2057 2690 2885 3454 3455 3459 3460 3559 3560 3561 3563 3566 3568 3570 3572 3575 3581 3587 3588 3590 3594 3595 3597 3598 3601 3716 3717 3718 3953 3977 4352 4609 5290 5291 5292 5293 5294 5295 5296 5618 5777 5781 6654 6655 6772 6773 6774 6775 6776 6777 6778 7297 8027 8503 8554 8651 8835 9021 9063 9180 9655 10000 10251 10252 10253 10254 10379 10401 23533 23624 30837 50615 51588 53832 53833 58985 64109 81848 116379 122809 149233 161742 163702 200734
355 356 369 637 673 836 919 962 1437 2185 2207 2214 2215 2534 2885 3002 3105 3106 3107 3133 3135 3265 3383 3384 3439 3440 3441 3442 3443 3444 3445 3446 3447 3448 3449 3451 3452 3454 3455 3456 3458 3459 3460 3683 3689 3802 3803 3804 3805 3806 3808 3809 3810 3811 3812 3821 3822 3823 3824 3845 3932 3937 4068 4276 4277 4772 4773 4775 4776 4893 5058 5290 5291 5293 5294 5295 5296 5335 5336 5530 5532 5533 5534 5535 5578 5579 5582 5594 5595 5604 5605 5777 5781 5879 5880 5881 5894 6452 6464 6654 6655 6850 7124 7305 7409 7410 7535 8503 8743 8793 8794 8795 8797 9436 9437 10451 10725 10870 11261 22914 23533 25759 27040 51744 53358 57292 63928 79465 80328 80329 117157 135250 154064 259197 353091 399694
207 208 387 867 868 916 919 920 925 926 940 959 998 1147 1326 1432 1493 1739 2353 2534 2885 2932 3265 3551 3702 3725 3845 3932 3937 4690 4772 4773 4775 4776 4790 4792 4793 4794 4893 5058 5062 5063 5133 5163 5290 5291 5293 5294 5295 5296 5335 5530 5532 5533 5534 5535 5588 5594 5595 5600 5601 5603 5604 5605 5609 5777 5788 5894 5970 6300 6654 6655 6885 7006 7409 7410 7535 8440 8503 8517 8915 9020 9402 10000 10125 10298 10451 10725 10892 11261 23533 23624 27040 29851 56924 57144 63928 84433
207 208 695 930 933 971 973 974 1147 2213 2353 2885 2932 3265 3551 3635 3725 3845 4067 4772 4773 4775 4776 4790 4792 4793 4794 4893 5290 5291 5293 5294 5295 5296 5336 5530 5532 5533 5534 5535 5579 5594 5595 5604 5605 5777 5879 5880 5881 5894 5970 6654 6655 6850 7409 7410 8503 8517 8915 10000 10451 10725 10892 11025 11261 23533 25780 27071 29760 63928 84433 118788
207 208 695 1432 2206 2207 2534 2885 3265 3845 3937 4067 4893 5163 5290 5291 5293 5294 5295 5296 5319 5320 5321 5322 5335 5336 5578 5579 5580 5581 5594 5595 5599 5600 5601 5602 5603 5604 5605 5606 5608 5609 5879 5880 5881 5894 6300 6416 6654 6655 6850 7409 7410 8398 8399 8503 8681 9846 10000 10451 23533 26279 27040 30814 50487 64600 81579 84647 123745 391013 100137049
207 208 273 382 998 1072 1073 1398 1399 1759 1785 1794 2209 2212 2213 2214 3055 3635 3984 3985 4067 4082 5058 5290 5291 5293 5294 5295 5296 5321 5335 5336 5337 5338 5578 5579 5580 5581 5582 5594 5595 5604 5605 5788 5879 5880 5894 6198 6199 6850 7408 7409 7410 7454 8394 8395 8398 8503 8611 8612 8613 8853 8877 8936 8976 9103 9846 10000 10059 10092 10093 10094 10095 10109 10163 10451 10552 10810 23396 23533 26052 27040 50807 55616 56848 65108 81873 123745 255189 283748 653361 653888 100137049
60 71 387 394 998 1003 1364 1365 1366 1432 1495 1496 1499 1500 1535 1536 2185 2770 2771 2773 2909 3383 3676 3683 3684 3688 3689 3702 4267 4301 4313 4318 4478 4633 4636 4688 4689 4950 5010 5175 5290 5291 5293 5294 5295 5296 5335 5336 5578 5579 5582 5600 5603 5747 5829 5879 5880 5906 5908 6093 6300 6387 6494 7070 7122 7294 7409 7410 7412 7430 7852 8503 9071 9073 9074 9075 9076 9080 9475 9564 10398 10411 10451 10627 10686 11069 23533 23562 24146 26285 27035 29119 29895 49861 50508 50848 51208 53842 58494 58498 83593 83700 90952 93408 103910 137075 149461 653361
608 940 941 942 958 959 2826 3600 3601 3676 3695 4055 6370 6387 7852 8174 8741 9020 10673 10803 10850 23308 23495 29851 56477 115650
406 1407 1408 1453 1454 4862 5187 6095 6096 6097 6500 8454 8553 8863 8864 8945 9572 9575 9978 23291 26224 79365
107 114 369 468 673 775 801 805 808 810 814 815 816 817 818 1387 2033 2776 2890 2891 2902 2903 2904 2905 2906 2911 2915 3265 3708 3709 3710 3845 4659 4893 5330 5331 5332 5499 5500 5501 5502 5530 5532 5533 5534 5535 5566 5567 5568 5578 5579 5582 5594 5595 5604 5605 5613 5894 5906 5908 6195 6196 6197 10411 11261 23236 27330 51806 63928 163688
25 207 208 387 396 397 468 572 581 627 673 801 805 808 810 814 815 816 817 818 998 1398 1399 1432 1445 2309 2549 2885 2889 2932 3265 3551 3654 3656 3667 3725 3845 4214 4215 4217 4790 4792 4793 4794 4803 4804 4893 4908 4909 4914 4915 4916 5163 5290 5291 5293 5294 5295 5296 5335 5336 5580 5594 5595 5598 5599 5600 5601 5602 5603 5604 5605 5607 5609 5781 5879 5894 5906 5908 5970 6195 6196 6197 6272 6300 6464 6654 6655 7157 7161 7189 7529 7531 7532 7533 7534 8471 8503 8660 8767 8986 9252 9261 9500 10000 10019 10603 10782 10818 10971 11108 11213 23533 25759 25970 27018 27330 51135 51806 53358 57498 163688 399694
369 673 773 1392 1394 2767 2768 2770 2771 2773 2775 2776 2778 2781 2890 2891 2892 2911 2915 2977 2982 2983 3265 3479 3480 3708 3709 3710 3845 4067 4842 4893 5319 5320 5321 5322 5330 5331 5332 5515 5516 5518 5519 5578 5579 5582 5592 5593 5594 5595 5604 5605 5894 6261 8398 8399 8681 10672 10842 23236 26279 30814 50487 64600 81579 84647 123745 391013 100137049
109 157 409 801 805 808 810 815 816 817 818 1179 1258 1261 1262 2774 2978 2979 3000 4991 4992 4993 4994 4995 5132 5137 5566 5567 5568 5592 5593 5613 7932 8383 8386 8387 8388 8390 8392 8590 9626 9635 10798 22802 23538 26188 26189 26211 26212 26219 26245 26246 26248 26333 26338 26339 26476 26492 26493 26494 26496 26529 26531 26532 26533 26534 26538 26539 26648 26658 26659 26664 26682 26683 26686 26689 26692 26696 26707 26716 26735 26737 26740 51806 56656 79290 79295 79310 79317 79324 79339 79345 79473 79501 79541 79544 81050 81061 81099 81127 81168 81282 81285 81300 81309 81318 81327 81328 81392 81399 81442 81448 81469 81470 81472 81696 81697 81797 119678 119679 119682 119687 119692 119694 119695 119749 119764 119765 119772 119774 120065 120066 120586 120775 120776 120787 120793 120796 121130 121275 121364 122740 122742 122748 124538 125958 125962 125963 126370 126541 127059 127062 127064 127066 127068 127069 127074 127077 127385 127623 128360 128367 128368 128371 128372 130075 134083 135924 135941 135946 135948 138799 138802 138803 138804 138805 138881 138882 138883 143496 143502 143503 144124 144125 150681 158131 162998 163688 196335 219417 219428 219429 219431 219432 219436 219437 219438 219447 219453 219464 219469 219473 219477 219479 219482 219484 219487 219493 219858 219865 219869 219870 219873 219874 219875 219952 219954 219956 219957 219958 219959 219960 219965 219968 219981 219982 219983 219986 254783 254786 254879 254973 255725 256144 256148 256892 282763 282770 282775 283092 283093 283111 283159 283160 283162 283189 283297 283365 283694 284383 284433 284521 284532 285659 286362 286365 338662 338674 338675 338751 338755 340980 341152 341276 341416 341418 341568 341799 343169 343171 343172 343173 343406 343563 346517 346525 346528 347168 347169 347468 387748 389090 390036 390037 390038 390054 390058 390059 390061 390063 390064 390066 390067 390072 390075 390077 390078 390079 390081 390083 390084 390093 390113 390142 390144 390151 390152 390154 390155 390157 390162 390167 390168 390174 390181 390191 390195 390197 390199 390201 390260 390261 390264 390265 390275 390321 390323 390326 390327 390429 390431 390433 390436 390437 390439 390442 390445 390538 390648 390649 390882 390883 390892 391107 391109 391112 391114 391189 391190 391191 391192 391194 391195 391196 391211 392138 392309 392376 392390 392391 392392 393046 401427 401665 401666 401667 401992 401993 401994 402135 402317 403239 403253 403257 403282 403284 441608 441639 441669 441670 441911 441933 442184 442186 442191 442194 442361 504189
112 114 2778 2782 2784 2785 3710 3745 5136 5330 5566 5567 5568 5613 5726 29850 50831 50832 50833 50834 50835 50836 50837 50838 50839 50840 51764 54429 80834 80835 83756 196883 259285 259286 259287 259289 259290 259291 259292 259294 259295 259296 338398 346562 353164
408 409 801 805 808 810 1258 1259 2779 2780 2782 2792 2978 2979 2986 3000 5145 5148 5158 5957 6010 6011 8787 9626 51806 131890 163688 346562
60 71 81 87 88 89 324 369 387 623 624 673 929 998 1072 1073 1128 1129 1131 1132 1133 1398 1399 1445 1729 1730 1793 1956 2149 2245 2260 2261 2263 2264 2768 2909 2934 3071 3265 3645 3655 3672 3673 3674 3675 3676 3678 3679 3680 3681 3682 3683 3684 3685 3687 3688 3689 3690 3691 3693 3694 3695 3696 3845 3984 3985 4342 4478 4627 4628 4633 4636 4638 4659 4893 5058 5062 5063 5156 5159 5216 5217 5290 5291 5293 5294 5295 5296 5305 5499 5500 5501 5594 5595 5604 5605 5747 5829 5879 5880 5881 5894 5962 6093 6237 6548 6654 6655 7074 7114 7117 7409 7410 7414 7430 7454 8394 8395 8396 8503 8515 8516 8826 8874 8936 8976 9087 9138 9459 9475 9564 10092 10093 10094 10095 10109 10152 10163 10297 10298 10398 10451 10458 10552 10627 10672 10787 10788 22800 22801 22808 23191 23365 23396 23533 26230 26999 28964 29895 50649 54434 54961 55740 55845 55970 56924 57144 58498 79784 79837 81624 81873 85366 85464 85477 89846 91807 93408 103910 128239 200576 345456 375189 653888
31 32 207 208 369 572 673 801 805 808 810 867 868 1398 1399 1977 1978 2002 2194 2203 2308 2319 2475 2538 2645 2872 2885 2889 2932 2997 2998 3098 3099 3101 3265 3551 3630 3635 3643 3667 3845 3991 4893 5105 5106 5139 5140 5170 5255 5256 5257 5260 5261 5290 5291 5293 5294 5295 5296 5313 5499 5500 5501 5506 5507 5509 5562 5563 5564 5565 5566 5567 5568 5571 5573 5575 5576 5577 5584 5590 5594 5595 5599 5601 5602 5604 5605 5613 5770 5792 5834 5836 5837 5894 6009 6194 6198 6199 6464 6517 6654 6655 6720 7248 7249 8471 8503 8569 8651 8660 8789 8835 9021 9322 9470 10000 10211 10580 10603 10891 23265 23433 23533 23624 25759 51422 51763 51806 53358 53632 57818 79660 122809 163688 253314 399694
107 108 109 111 112 113 114 115 468 801 805 808 810 815 816 817 818 998 1432 1839 1956 2002 2185 2767 2776 2778 2796 2797 2798 2885 3265 3708 3709 3710 3725 3845 4214 4215 4216 4313 4323 4893 5319 5320 5321 5322 5330 5331 5332 5337 5338 5566 5567 5568 5578 5579 5580 5594 5595 5598 5599 5600 5601 5602 5603 5604 5605 5606 5608 5609 5613 5894 6300 6416 6654 6655 6714 8398 8399 8681 10746 23236 26279 30814 50487 51806 64600 81579 84647 123745 163688 196883 391013 100137049
107 108 109 111 112 113 114 115 207 208 369 673 699 983 993 994 995 996 1017 1432 2770 2771 2773 3320 3326 3479 3480 3630 3845 4085 4342 5139 5140 5241 5290 5291 5293 5294 5295 5296 5347 5566 5567 5568 5594 5595 5599 5600 5601 5602 5603 5604 5605 5613 5894 6195 6196 6197 6300 8379 8503 8697 8881 9088 10000 10393 10459 23533 25847 27330 29882 29945 51343 51433 51434 51529 64682 196883 245711 246184 387778 650621
107 108 109 111 112 113 114 115 434 801 805 808 810 815 816 817 818 1385 1387 1499 1638 1855 1856 1857 1906 1910 2033 2535 2770 2771 2773 2775 2776 2778 2932 3265 3815 3845 4157 4254 4286 4893 5330 5331 5332 5443 5566 5567 5568 5578 5579 5582 5594 5595 5604 5605 5613 5894 6932 6934 7299 7306 7471 7472 7473 7474 7475 7476 7477 7478 7479 7480 7481 7482 7483 7484 7855 7976 8321 8322 8323 8324 8325 8326 10488 11211 23236 51176 51384 51806 54361 64764 80326 81029 83439 84699 89780 90993 148327 163688 196883
32 181 1147 1374 1375 2180 2181 2182 2475 2538 3551 3667 3717 3952 3953 4790 4792 4793 4794 4852 5105 5106 5443 5465 5562 5563 5564 5565 5571 5588 5599 5601 5602 5781 5970 6513 6517 6774 6794 7124 7132 7133 7186 8471 8517 8660 8717 9021 9370 10645 10891 23305 51094 51422 51703 53632 57818 79602 84254 126129
773 774 775 776 777 2475 2645 3098 3099 3101 3551 3630 3643 3651 3667 3767 5290 5291 5293 5294 5295 5296 5313 5315 5580 5581 5590 5594 5595 5599 5601 5602 6517 6833 7124 8471 8503 8651 8660 8835 8913 9021 9370 23533 122809 389692
355 356 940 941 942
2494 2645 3087 3110 3170 3171 3172 3174 3175 3280 3375 3630 3651 4760 4821 4825 5078 5080 5313 6514 6927 6928 50674 389692
476 477 478 480 481 482 483 486 2810 3479 3630 3643 3667 3758 3845 4306 5170 5290 5291 5293 5294 5295 5296 6337 6338 6340 6446 8471 8503 8660 23327 23439 23533 53828
109 112 115 359 396 397 551 554 1385 2778 5566 5567 5568 5613 6810 6844 9586 10488 64764 84699 90993 148327
2744 2746 2747 4190 5105 5106 27165

107 108 109 111 112 113 114 115 146 147 148 153 154 155 362 683 801 805 808 810 952 1131 2776 2778 4842 5330 5331 5332 5566 5567 5568 5592 5593 5613 6844 23236 51806 163688 196883
60 107 108 109 111 112 113 114 115 801 805 808 810 815 816 817 818 887 1131 2520 2770 2771 2773 2776 2778 3274 4638 5330 5331 5332 5566 5567 5568 5578 5579 5582 5613 6750 6752 7430 23236 51806 85366 91807 163688 196883
107 108 109 111 112 113 114 115 683 886 952 1131 2776 2778 5330 5331 5332 6344 23236 196883
207 208 5330 5579 6514 6518 10000 80834 83756 346562

317 322 348 351 355 572 637 801 805 808 810 823 824 836 841 842 1020 2081 2597 2776 2932 4023 4035 4137 5330 5331 5332 5530 5532 5533 5534 5535 5663 5664 7132 8772 8851 8883 9451 11261 22926 23236 51806 54205 63928 163688
291 292 293 317 836 842 5481 7314 7317 7318 7332 7416 7417 7419 9246 27429 54205 83447
317 572 581 596 598 836 842 1432 1616 4217 4741 4744 4747 5530 5532 5533 5534 5535 5600 5603 5606 5608 5630 5868 5879 5961 6300 6647 7124 7132 7133 10452 11261 54205 57679 63928 79139 84134
160 161 163 317 836 841 842 1173 1175 1211 1212 1213 1742 2776 2902 2904 2911 2915 3064 3092 3708 5330 5331 5332 5978 8218 23236 54205
581 1958 2002 2534 3309 3915 4684 4685 4851 5594 5595 5604 5605 5621 6352 6647 10963
60 71 387 391 867 868 998 999 1398 1399 1495 1496 1499 1759 1785 1793 2017 2335 2549 3059 3611 3678 3688 4233 5290 5291 5293 5294 5295 5296 5747 5829 5879 6714 7414 7454 8503 8936 8976 9564 9844 10059 10092 10093 10094 10095 10109 10163 10552 23533 23624 26052 26084 29119 79658 81873 653888
60 71 109 115 1080 2778 3784 5335 5336 5566 5567 5568 5578 5579 5582 5613 6558 9601 30001
102 1147 1432 1445 1839 1956 2919 3551 3576 3577 3579 3725 4067 4790 4792 5058 5599 5600 5601 5602 5603 5803 5970 6300 6352 6416 6714 6868 7082 8517 9020 10392 28964 50848 58494 83700 150084
60 71 387 929 6093 7099 7277 7278 7280 7454 7846 8976 9181 9475 10092 10093 10094 10095 10109 10376 10381 10382 10383 10552 51807 56604 79861 81027 81873 84617 84790 112714 113457 203068 347688 347733 653888
60 71 391 998 1147 1432 1793 3551 3576 4790 4792 4793 5216 5217 5594 5595 5599 5600 5601 5602 5603 5879 5970 6300 7307 7322 7414 7454 8517 8767 8936 8945 8976 9844 10092 10093 10094 10095 10109 10163 10392 10552 23291 64127 81873 345456 375189 653888
718 1378 1432 1535 2002 2209 2212 2214 2215 3458 3459 3460 3565 3586 3654 3684 3689 3716 3717 3725 4615 4688 4689 4790 4792 4793 4843 5579 5594 5595 5600 5603 5743 5777 5970 6300 6772 6885 7040 7042 7043 7097 7099 7189 9103 10454 23118 51135 653361
107 207 208 355 356 624 712 713 714 811 841 915 916 917 919 1147 1432 2353 2767 2769 2770 2771 2773 2774 2775 2776 2778 3458 3459 3460 3551 3586 3654 3725 4087 4088 4615 4790 4792 4843 5290 5291 5293 5294 5295 5296 5330 5331 5332 5515 5516 5518 5519 5520 5521 5522 5594 5595 5599 5600 5601 5602 5603 5970 6300 6416 7040 7042 7043 7046 7048 7097 7099 7124 7132 7189 8503 8517 8772 8837 9630 10000 10333 23236 23533 51135 54106 55844 148022
958 959 3082 3383 3683 3689 4233 4615 7097 7099 54106
207 208 329 330 331 572 836 841 842 958 959 1147 1234 1432 2770 2771 2773 2775 3303 3304 3305 3306 3310 3312 3458 3459 3460 3551 3586 3587 3588 3654 3655 3688 3716 3717 3908 3909 3910 3911 3912 3913 3914 3915 3918 4261 4615 4790 4792 4793 5163 5290 5291 5293 5294 5295 5296 5594 5595 5599 5600 5601 5602 5603 5606 5608 5970 6300 6772 6774 6885 7097 7099 7124 7132 7189 7297 8503 8517 8651 10000 10105 10319 10454 22798 23118 23533 23643 51135 54205 284217
107 929 1511 1992 2767 2769 2774 2776 2778 3315 3553 3554 3684 3689 4790 5055 5269 5272 5273 5275 5290 5291 5293 5294 5295 5296 5330 5331 5332 5566 5567 5568 5578 5579 5582 5613 5970 6317 6318 7097 7099 7850 8503 9630 23236 23533
629 712 713 714 715 716 717 718 719 720 721 727 728 1675 3075 3383 3426 3586 3683 3684 3689 4153 5340 5648 5724 6403 6404 10747
207 208 369 572 673 1026 1147 1432 1950 1956 1965 2885 2932 3265 3434 3439 3440 3441 3442 3443 3444 3445 3446 3447 3448 3449 3451 3452 3454 3455 3456 3551 3646 3659 3661 3665 3716 3845 4790 4792 4893 5163 5290 5291 5293 5294 5295 5296 5515 5516 5518 5519 5520 5521 5522 5594 5595 5599 5600 5601 5602 5603 5610 5894 5970 6300 6654 6655 6772 6773 7098 7124 7132 7157 7186 7187 7189 7297 8503 8517 8554 8717 8737 9021 9063 9451 9641 10000 10379 10401 23533 23586 27102 29110 51588 55844 57506 148022 439996 440275
25 207 208 329 330 331 332 354 355 356 367 369 387 405 572 581 595 596 598 613 637 650 652 673 836 841 842 861 862 867 868 898 998 1017 1019 1021 1026 1027 1029 1030 1050 1147 1163 1282 1284 1286 1288 1387 1398 1399 1436 1438 1441 1487 1488 1499 1612 1613 1630 1855 1856 1857 1869 1870 1871 1950 1956 2033 2034 2064 2113 2122 2246 2247 2248 2249 2250 2251 2252 2253 2254 2255 2256 2257 2258 2259 2260 2261 2263 2277 2308 2322 2323 2335 2353 2475 2535 2735 2736 2737 2885 2932 3065 3066 3082 3091 3265 3320 3326 3479 3480 3551 3569 3576 3655 3673 3674 3675 3685 3688 3716 3725 3728 3815 3845 3908 3909 3910 3911 3912 3913 3914 3915 3918 4087 4088 4089 4149 4193 4233 4254 4312 4313 4318 4609 4790 4791 4792 4824 4843 4893 4914 5154 5155 5156 5159 5228 5290 5291 5293 5294 5295 5296 5335 5336 5337 5371 5467 5468 5578 5579 5582 5594 5595 5599 5601 5602 5604 5605 5727 5743 5747 5879 5880 5881 5894 5898 5899 5900 5914 5925 5970 5979 6256 6257 6258 6469 6502 6513 6608 6654 6655 6688 6772 6774 6776 6777 6789 6921 6923 6932 6934 7039 7040 7042 7043 7046 7048 7157 7170 7175 7184 7185 7186 7187 7188 7189 7422 7423 7424 7428 7471 7472 7473 7474 7475 7476 7477 7478 7479 7480 7481 7482 7483 7484 7704 7849 7855 7976 8030 8031 8074 8321 8322 8323 8324 8325 8326 8453 8503 8517 8554 8643 8772 8817 8822 8823 8900 9063 9134 9618 9915 9965 9978 10000 10319 10342 10401 10928 11186 11211 22798 23533 23604 23624 26060 26281 26291 27006 27148 51176 51384 51588 51684 54205 54361 54583 64399 80326 81029 83439 83593 89780 112398 112399 284217 652346
207 208 332 369 387 572 581 595 596 673 836 842 1499 1630 2353 2932 3725 3845 4087 4088 4089 4609 5290 5291 5293 5294 5295 5296 5594 5595 5599 5601 5602 5604 5605 5879 5880 5881 5894 5900 6932 6934 7046 7048 8503 10000 23533 26060 51176 83439
207 208 369 405 673 998 1387 1398 1399 2033 2034 2113 2277 2549 2885 2889 3082 3091 3725 4233 5058 5062 5063 5155 5228 5290 5291 5293 5294 5295 5296 5594 5595 5604 5605 5781 5879 5894 5906 5908 6513 6654 6655 7039 7040 7042 7043 7422 7423 7424 8503 9915 10000 10298 23533 54583 56924 57144 112398 112399
207 208 369 572 595 598 673 675 842 998 1019 1021 1029 1147 1869 1870 1871 1950 1956 2064 2277 3551 3716 3845 4087 4088 4089 4790 5228 5290 5291 5293 5294 5295 5296 5337 5594 5595 5599 5601 5602 5604 5605 5879 5880 5881 5888 5894 5898 5899 5900 5925 5970 6772 6774 7039 7040 7042 7043 7046 7048 7422 7423 7424 8503 8517 9459 10000 10928 23533
207 208 324 369 572 595 673 842 1499 1950 1956 2002 2309 2885 2932 3265 3611 3845 4609 4893 5170 5290 5291 5293 5294 5295 5296 5594 5595 5604 5605 5894 6654 6655 6932 6934 8312 8313 8503 10000 10297 23533 51176 83439
207 208 369 595 673 801 805 808 810 815 816 817 818 1019 1021 1026 1029 1869 1870 1871 1950 1956 2475 2885 3265 3479 3480 3845 4193 4893 5154 5155 5156 5159 5290 5291 5293 5294 5295 5296 5335 5336 5578 5579 5582 5594 5595 5604 5605 5894 5925 6464 6654 6655 7039 7157 8503 10000 23533 25759 51806 53358 163688 399694
207 208 354 367 369 468 572 595 596 673 842 898 1017 1026 1027 1147 1385 1387 1499 1869 1870 1871 1950 1956 2033 2064 2260 2263 2308 2475 2885 2932 3265 3320 3326 3479 3480 3551 3630 3645 3845 4193 4790 4792 4824 4893 5154 5155 5156 5159 5170 5290 5291 5293 5294 5295 5296 5594 5595 5604 5605 5894 5925 5970 6654 6655 6932 6934 7039 7157 7184 8503 8517 9134 9586 10000 10488 23533 51176 56034 64764 80310 83439 84699 90993 148327
595 673 999 1499 3265 3845 4609 4893 4914 5468 5594 5595 5604 5605 5979 6256 6257 6258 6932 6934 7170 7175 7849 8030 8031 10342 51176 83439
650 652 1499 1855 1856 1857 2535 2735 2736 2737 2932 5727 6469 6932 6934 7471 7472 7473 7474 7475 7476 7477 7478 7479 7480 7481 7482 7483 7484 7855 7976 8321 8322 8323 8324 8325 8326 8643 11211 51176 51384 54361 64399 80326 81029 83439 89780
207 208 369 572 595 673 1019 1021 1026 1029 1869 1870 1871 1950 1956 2246 2247 2248 2249 2250 2251 2252 2253 2254 2255 2256 2257 2258 2259 2260 3082 3265 3479 3480 3845 4193 4233 4893 5154 5155 5156 5159 5290 5291 5293 5294 5295 5296 5594 5595 5604 5605 5894 5925 7157 8074 8503 8817 8822 8823 9965 10000 23533 26281 26291 27006 56034 80310
369 595 673 1019 1026 1029 1612 1613 1869 1870 1871 1950 1956 2064 2261 3265 3845 4193 4893 5594 5595 5604 5605 5894 5925 7157 9252 11186 23604
25 207 208 369 572 595 598 613 673 861 867 868 1019 1021 1026 1027 1029 1147 1398 1399 1487 1488 1869 1870 1871 2122 2885 3065 3066 3265 3551 3845 4088 4089 4193 4609 4790 4792 4893 5290 5291 5293 5294 5295 5296 5594 5595 5604 5605 5781 5894 5925 5970 6464 6654 6655 6776 6777 7040 7042 7043 7046 7048 7157 8503 8517 9846 10000 23533 23624 25759 53358 399694
207 208 369 572 595 673 861 862 1050 1147 1978 2322 2475 2885 3265 3551 3728 3815 3845 4609 4790 4893 5290 5291 5292 5293 5294 5295 5296 5371 5467 5594 5595 5604 5605 5894 5914 5970 6198 6199 6654 6655 6688 6774 6776 6777 6932 6934 7704 8503 8517 8900 10000 11040 23533 51176 83439 652346
207 208 317 329 330 331 595 598 842 898 1017 1019 1021 1027 1030 1147 1163 1282 1284 1286 1288 1869 1870 1871 2335 3551 3655 3673 3674 3675 3685 3688 3908 3909 3910 3911 3912 3913 3914 3915 3918 4149 4609 4790 4792 4843 5290 5291 5293 5294 5295 5296 5743 5747 5925 5970 6502 7185 7186 7187 7188 7189 8503 8517 8554 9063 9134 9618 10000 10319 10401 22798 23533 51588 54205 284217
207 208 369 572 595 673 842 1019 1021 1029 1869 1870 1871 1950 1956 2064 2309 2885 3265 3845 4893 5170 5290 5291 5293 5294 5295 5296 5335 5336 5578 5579 5582 5594 5595 5604 5605 5894 5925 6654 6655 6789 7039 8503 10000 11186 23533 83593
958 959
355 356 940 941 942 958 959
712 713 714 715 716 717 718 720 721 940 941 942 958 959
355 356 940 941 942 958 959
355 356 940 941 942 3105 3106 3107 3133 3134 3135 3802 3803 3804 3811 3812 3821 3824 57292 652614
60 70 71 1605 1756 3688 3690 3691 3693 3694 3695 3696 3908 4607 4624 4625 4633 4634 7134 7137 7139 7168 7169 7170 7171
1000 1499 1605 1824 1829 2697 3728 3908 6932 6934 51176 83439
60 70 71 107 108 109 111 112 113 114 115 153 488 775 776 778 779 781 782 783 784 785 786 1605 1756 2778 3655 3672 3673 3674 3675 3676 3678 3679 3680 3685 3688 3690 3691 3693 3694 3695 3696 3908 4607 4624 4625 4633 4634 5350 5566 5567 5568 5613 6262 7134 7137 7139 7168 7169 7170 7171 8515 8516 9254 10368 10369 22801 27091 27092 55799 59283 59284 59285 93589 196883
25 27 60 71 637 836 841 842 857 940 941 942 958 959 1604 1605 1756 2534 3383 3683 3689 3908 5879 5880 5881 54205
1610
175 2517 2519 2629 2720 3073 3074 4123 4125 4126 4758 4759 10825 23324 64772 129807
10585 29954 55624
2530 2683 4166 6482 6483 6487 8534 8702 8703 8704 9435 10164 10678 11041 93010
30 51 570 3030 3992 6319 8310 9200 9415 9524 10965 11332 51144 54898 55825 60481 79071 79966 122970 201562 641371
9 10 15 18 28 30 31 32 33 34 35 36 37 38 39 47 48 50 51 95 100 124 125 126 127 128 130 131 132 158 159 189 191 203 204 205 210 211 212 216 217 218 219 220 221 222 223 224 226 229 230 231 239 240 242 246 247 248 249 250 251 262 270 271 272 275 276 277 278 279 280 290 314 316 353 383 384 411 427 435 438 440 445 471 498 501 506 509 513 514 515 516 517 518 521 522 523 525 526 527 528 529 533 534 535 537 539 549 570 586 587 593 594 622 635 661 669 683 686 790 847 873 874 875 883 952 978 1036 1040 1056 1066 1109 1119 1120 1152 1158 1159 1160 1312 1327 1329 1337 1339 1340 1345 1349 1350 1351 1352 1353 1355 1371 1373 1431 1491 1503 1537 1544 1548 1549 1551 1553 1555 1557 1558 1559 1562 1571 1573 1576 1577 1579 1581 1582 1583 1584 1585 1586 1588 1589 1593 1594 1595 1603 1606 1607 1608 1609 1610 1621 1629 1635 1638 1644 1650 1716 1717 1718 1719 1723 1737 1738 1743 1757 1786 1787 1788 1789 1798 1806 1807 1841 1854 1890 1892 1962 2023 2026 2027 2053 2058 2131 2132 2134 2137 2180 2181 2182 2184 2194 2203 2222 2224 2235 2271 2356 2523 2524 2525 2526 2527 2528 2530 2531 2538 2539 2548 2571 2572 2581 2582 2583 2584 2585 2588 2589 2590 2591 2592 2593 2595 2597 2618 2628 2629 2632 2639 2643 2645 2650 2651 2673 2678 2683 2686 2687 2710 2712 2720 2729 2730 2731 2744 2746 2747 2752 2762 2799 2805 2806 2821 2875 2937 2954 2987 2990 3028 3030 3032 3033 3034 3067 3073 3074 3081 3098 3099 3101 3141 3145 3155 3156 3157 3158 3242 3251 3283 3284 3290 3291 3292 3293 3294 3295 3340 3373 3417 3418 3419 3420 3421 3422 3423 3425 3612 3613 3614 3615 3620 3628 3631 3632 3633 3636 3703 3704 3705 3706 3707 3712 3795 3906 3938 3939 3945 3948 3990 4047 4048 4051 4056 4121 4122 4124 4128 4129 4143 4144 4190 4191 4199 4245 4247 4248 4249 4329 4351 4357 4507 4508 4509 4512 4513 4514 4519 4522 4524 4535 4536 4537 4538 4539 4540 4541 4548 4594 4597 4598 4669 4694 4695 4696 4697 4698 4700 4701 4702 4704 4705 4706 4707 4708 4709 4710 4711 4712 4713 4714 4715 4716 4717 4718 4719 4720 4722 4723 4724 4725 4726 4728 4729 4731 4830 4831 4832 4833 4837 4842 4843 4846 4860 4907 4942 4952 4953 4967 5009 5033 5048 5049 5050 5051 5053 5091 5095 5096 5105 5106 5130 5160 5161 5162 5167 5169 5198 5211 5213 5214 5223 5224 5226 5230 5232 5236 5277 5279 5281 5283 5286 5287 5288 5289 5297 5298 5313 5315 5319 5320 5321 5322 5330 5331 5332 5333 5335 5336 5337 5338 5372 5373 5406 5407 5408 5409 5422 5424 5425 5426 5427 5428 5430 5431 5432 5433 5434 5435 5436 5437 5438 5439 5440 5441 5444 5445 5446 5471 5498 5538 5557 5558 5625 5631 5634 5723 5730 5740 5742 5805 5831 5832 5833 5859 5860 5980 6120 6184 6185 6240 6241 6296 6303 6307 6309 6342 6389 6390 6391 6392 6448 6470 6472 6476 6480 6482 6483 6484 6487 6489 6609 6610 6611 6652 6675 6677 6697 6713 6718 6723 6888 6898 6916 6999 7054 7083 7084 7086 7108 7166 7167 7173 7263 7264 7298 7299 7306 7357 7358 7360 7363 7364 7365 7366 7367 7368 7371 7372 7378 7381 7384 7385 7386 7388 7390 7498 7841 7915 7923 7941 7991 8050 8277 8309 8310 8372 8382 8394 8395 8398 8399 8509 8513 8525 8526 8527 8529 8540 8560 8564 8566 8608 8611 8612 8613 8630 8639 8659 8681 8692 8693 8694 8702 8703 8704 8705 8706 8707 8708 8733 8760 8789 8790 8801 8802 8803 8813 8818 8821 8833 8854 8867 8869 8871 8877 8879 8942 8972 8974 8992 9060 9061 9091 9114 9162 9197 9245 9249 9296 9331 9348 9374 9377 9380 9388 9453 9468 9487 9488 9489 9514 9517 9533 9536 9550 9551 9563 9588 9615 9791 9942 9945 10007 10020 10026 10063 10157 10170 10195 10201 10229 10312 10317 10327 10331 10380 10390 10400 10402 10423 10449 10476 10554 10555 10558 10588 10606 10621 10622 10623 10632 10654 10678 10682 10690 10714 10720 10768 10797 10855 10873 10901 10905 10941 10975 10993 10998 11019 11041 11112 11128 11226 11227 11232 11253 11282 11285 11320 11343 22845 22856 22928 22929 22934 22978 23057 23193 23236 23305 23382 23396 23417 23475 23483 23498 23530 23545 23553 23556 23600 23649 23761 25796 25885 25902 26007 26035 26227 26229 26275 26279 26289 26290 26301 26330 27010 27034 27087 27089 27090 27124 27165 27235 27306 27349 27430 29071 29796 29880 29906 29920 29922 29925 29926 29929 29947 29958 29968 30814 30815 30833 30834 50484 50487 50614 50617 50700 50814 51004 51056 51074 51082 51084 51102 51109 51144 51166 51179 51181 51196 51227 51251 51268 51301 51380 51382 51477 51478 51540 51601 51604 51606 51703 51727 51728 51733 51763 51805 51809 53354 53630 53947 54107 54187 54344 54363 54480 54490 54575 54576 54577 54578 54579 54600 54657 54658 54659 54675 54802 54947 54963 54965 54988 54995 55163 55191 55224 55229 55256 55276 55300 55301 55304 55312 55361 55454 55500 55512 55568 55627 55650 55703 55750 55753 55790 55808 55821 55902 55907 56052 56267 56474 56623 56624 56655 56848 56894 56895 56898 56901 56913 56922 56953 56994 57016 57026 57134 57452 57678 57804 57818 58510 60490 60495 63917 64087 64131 64132 64409 64425 64579 64600 64768 64802 64816 65220 65263 79053 79087 79178 79369 79586 79611 79623 79646 79695 79717 79796 79799 79814 79868 79888 80025 80055 80142 80146 80270 80308 80339 80347 81490 81579 81616 81849 81888 83440 83549 84002 84076 84172 84245 84265 84274 84532 84618 84647 84649 84693 84701 84706 84720 84735 84803 84812 84890 84920 84992 85365 85465 89869 90423 91373 91734 92483 93034 93183 94005 112483 113026 113451 113612 114805 116285 117248 119548 120227 121278 122481 122622 123099 123745 123876 124454 124975 125061 125965 125981 126328 126792 127124 128869 129607 129642 130013 131669 132158 132789 134147 135152 137964 138050 138429 139596 140838 144193 144245 145226 146664 150763 151531 154141 155066 157506 160287 160851 162417 166929 168391 169355 170712 171568 192134 197258 199857 201595 221223 221823 245972 245973 246721 253558 254531 256435 259230 259307 283208 283871 284098 284541 317749 326625 337876 339221 340485 341392 341947 348158 349565 374291 374378 387787 391013 440138 440567 441024 441531 442117 493911 548596 548644 574537 646625 654364 729020 100137049
19 20 21 22 24 215 225 368 1080 1244 4363 5243 5244 5825 5826 6833 6890 6891 8647 8714 9429 9619 10057 10058 10060 10257 10347 10349 10350 10351 11194 23456 23457 23460 23461 26154 64137 64240 64241 85320 89845 94160 154664 340273
2197 3921 4549 4550 4736 6122 6123 6124 6125 6128 6129 6130 6132 6133 6134 6135 6136 6137 6138 6139 6141 6142 6143 6144 6146 6147 6152 6154 6155 6156 6157 6158 6159 6160 6161 6164 6165 6166 6167 6168 6169 6170 6171 6173 6175 6176 6181 6187 6188 6189 6191 6192 6193 6194 6201 6202 6203 6204 6205 6206 6207 6209 6210 6217 6218 6222 6223 6224 6227 6228 6229 6230 6231 6232 6233 6234 6235 7311 9045 9349 11224 23521 25873 28998 51065 51121 51187 140801 200916 284288
1656 2023 2026 2027 3313 3329 4848 4849 4850 5073 5393 5394 6499 9125 9337 9652 10200 10438 10914 11044 11157 11340 22803 22894 23016 23019 23404 23517 23644 23658 25804 25904 27257 27258 28960 29883 51010 51013 51690 51691 54464 54512 55802 56903 56915 57472 57819 64895 80153 80349 84186 87178 118460 167227 196513 219988 246175
661 5430 5431 5432 5433 5434 5435 5436 5437 5438 5439 5440 5441 9533 10621 10622 10623 11128 25885 30834 51082 51728 55703 64425 84172 84265 171568 246721 548644
2957 2958 2959 2960 2961 2962 2963 2965 2966 2967 2968 2969 6872 6873 6874 6875 6877 6878 6879 6880 6881 6882 6883 6884 6908 9519 9569 10629 11036 11037 27097 51616 54457 138474 387332 391764
1763 2237 3978 4171 4172 4173 4174 4175 4176 5111 5422 5424 5425 5426 5427 5557 5558 5981 5982 5983 5984 5985 6117 6118 6119 6742 10535 10714 23649 29935 54107 56655 57804 79621 84153 246243
988 1655 1659 1665 3178 3183 3190 3192 3303 3304 3305 3306 3310 3312 4116 4670 4686 4809 5093 5356 6426 6427 6428 6429 6430 6431 6432 6434 6625 6626 6627 6628 6629 6631 6632 6633 6634 6635 6636 6637 7307 7919 8175 8449 8559 8683 8896 9092 9128 9129 9343 9410 9416 9716 9775 9785 9879 9939 9984 10084 10189 10262 10285 10286 10291 10450 10465 10523 10569 10594 10713 10772 10907 10915 10929 10946 10992 11017 11157 11325 11338 22827 22916 22938 22985 23020 23350 23450 23451 23658 24148 25766 25804 25949 26121 27258 27316 27339 29896 51340 51362 51503 51639 51645 51690 51691 51729 55110 55119 55660 55696 56259 56949 57187 57461 57819 58517 83443 84321 84844 84950 84991 144983 151903 153527 220988 494115 653884
3458 5682 5683 5684 5685 5686 5687 5688 5689 5690 5691 5692 5693 5694 5695 5696 5698 5699 5700 5701 5702 5704 5705 5706 5707 5708 5709 5710 5713 5714 5717 5718 5719 5720 5721 7979 9491 9861 10197 10213 23198 51371 122706 143471 652826
3309 5018 6726 6727 6728 6729 6730 6731 6734 7095 9789 10952 11231 23478 23480 28972 29927 55176 58477 60559 83943 90701 196294
142 143 328 2237 3146 3978 3980 4350 4595 4913 4968 5111 5423 5424 5425 5426 5427 6996 7374 7515 8930 10038 10039 10714 23583 27301 27343 54107 55247 56655 57804 79661 252969 645490
902 1022 1069 1161 1642 1643 2067 2068 2071 2072 2073 2074 2965 2966 2967 2968 3978 4331 5111 5424 5425 5426 5427 5886 5887 5981 5982 5983 5984 5985 6117 6118 6119 7507 7508 8450 8451 9978 10714 29935 54107 56655 57804 404672
2956 3978 4292 4436 4437 5111 5395 5424 5425 5981 5982 5983 5984 5985 6117 6118 6119 6742 9156 10714 27030 29935 57804
641 675 4361 4683 5424 5425 5888 5889 5890 5892 5893 6117 6118 6119 6742 7156 7516 7517 7979 8438 8940 10111 10714 25788 29935 57804 80198 146956
1791 2237 2547 3981 4361 5591 7518 7520 10111 27343 27434 64421 79840 731751
326 329 330 331 672 867 868 991 996 997 1161 1642 1643 3093 4193 4214 4281 4591 4734 5071 5371 6477 6500 6502 6921 6923 7189 7317 7318 7319 7320 7321 7322 7323 7324 7325 7326 7327 7328 7329 7332 7334 7337 7428 8065 8450 8451 8452 8453 8454 8554 8651 8697 8881 8916 8924 8925 8945 9021 9039 9040 9063 9246 9320 9354 9616 9690 9817 9820 9886 9978 10054 10055 10075 10273 10277 10393 10401 10477 11059 11060 11065 22888 22954 23221 23291 23295 23327 23624 23759 25847 25898 26091 26232 26259 26272 27338 27339 29882 29945 51343 51366 51433 51434 51465 51529 51588 51619 54926 55070 55120 55236 55284 55294 55585 55958 57154 57448 63893 64326 64682 64750 65264 83737 84447 89910 90293 92912 118424 134111 140739 148581 246184 378884 389898 650621 652346
30 51 189 215 225 570 847 1384 1610 1891 1962 2053 2180 2181 2182 3155 3295 3417 3418 4358 4598 4843 5052 5189 5190 5191 5192 5193 5194 5195 5264 5824 5825 5826 5827 5828 5830 6342 6647 6648 7498 8309 8310 8443 8504 8528 8540 8799 8800 9409 10005 10455 10478 10654 10901 11001 11264 23305 23417 23600 25824 26061 26063 51179 51268 51703 54363 54677 55670 55711 55825 83594 84188 92960 196743 255027 373156 390916
183 185 186 290 1215 1359 1511 1636 2028 4012 4142 4311 5476 5972 7064 57486 59272
290 909 910 911 912 913 914 915 916 917 920 921 924 925 926 928 929 930 931 933 945 947 948 951 952 960 966 1378 1380 1435 1436 1437 1438 1440 1441 1604 1791 2056 2057 2208 2209 2322 2323 2811 2812 2814 2815 2993 3122 3123 3125 3126 3127 3552 3553 3554 3559 3562 3563 3565 3566 3567 3568 3569 3570 3574 3575 3581 3589 3590 3655 3672 3673 3674 3675 3676 3678 3684 3690 3815 4254 4311 7037 7066 7124 7173 7850 100133941
100 326 695 915 916 920 925 926 930 958 959 973 3543 3561 3575 3718 3932 4261 5788 5896 5897 5993 5994 6890 6891 7374 7535 8517 8625 23495 29760 29851 57379 64421 115650
